LaserScan constants
angle_min: -1.5700000524520874
angle_max: 1.5700000524520874
angle_increment: 0.008746517822146416
time_increment: 0.0
scan_time: 0.0
range_min: 0.20000000298023224
range_max: 8.0
num_beams: 360
